    (Int)      AP      cnp   fls.ind      LFP   log.cnd      NH4.   Rsg.Ind df logLik  AICc  delta weight
10  1.261 0.31270                    -0.20980                                4  2.912  10.2   0.00  0.429
2   1.261 0.34620                                                            3 -0.985  12.0   1.79  0.175
4   1.261 0.26340 -0.17150                                                   4  0.690  14.6   4.44  0.046
34  1.261 0.26410                                       -0.171100            4  0.688  14.6   4.45  0.046
49  1.261                                     -0.235200 -0.252100            4  0.649  14.7   4.52  0.045
3   1.261         -0.29860                                                   3 -2.622  15.2   5.07  0.034
33  1.261                                               -0.297900            3 -2.642  15.3   5.11  0.033
17  1.261                                     -0.284200                      3 -2.989  16.0   5.80  0.024
74  1.261 0.30140                    -0.23380                      0.102500  5  4.501  16.0   5.82  0.023
1   1.261                                                                    2 -5.592  16.9   6.72  0.015
9   1.261                            -0.25980                                3 -3.523  17.0   6.87  0.014
6   1.261 0.34810           0.077240                                         4 -0.594  17.2   7.01  0.013
12  1.261 0.27330 -0.09222           -0.17740                                5  3.732  17.5   7.36  0.011
66  1.261 0.34260                                                  0.048790  4 -0.834  17.7   7.49  0.010
19  1.261         -0.21880                    -0.194500                      4 -0.936  17.9   7.70  0.009
18  1.261 0.32050                             -0.032760                      4 -0.959  17.9   7.74  0.009
25  1.261                            -0.19460 -0.228800                      4 -1.248  18.5   8.32  0.007
26  1.261 0.35680                    -0.21930  0.058240                      5  3.082  18.8   8.66  0.006
42  1.261 0.29430                    -0.18510           -0.046510            5  3.061  18.9   8.70  0.006
11  1.261         -0.23010           -0.16310                                4 -1.510  19.0   8.84  0.005
14  1.261 0.31360           0.012750 -0.20570                                5  2.932  19.1   8.96  0.005
7   1.261         -0.41050 -0.182800                                         4 -1.568  19.1   8.96  0.005
35  1.261         -0.18250                              -0.180400            4 -1.669  19.3   9.16  0.004